00000000000000000000000000000000000000000000000000000000000
00000000000000000000000000000000000000000000000000000000000
00008000000000000000300000000000000000000000000000000000000
00089800000000000099999000000000000000000000000000000000000
00008000000000000000300000000000000000000000000000000000000
00000000000000000000000000000000000000000000000000000000000
00000000000000000000000000000009999999999900000000000000000
00000000000000000000000000000009999999999900000000000000000
00000000000000000000000000000009999999999900000000000000000
00000000000000000000000000000009999999999900000000000000000
00000000000000000700000000000009999999999900000000000000000
00000000000000000000000000000009999999999900000000000000000
00000000000000000000000000000009999999999900000000000000000
00000000000000000000000000000009999999999900000000000000000
00000000000000000000000000000000000000000000000000000000000
00000000000000000000000000000000000000000000000000000000000
00000000000000000000000000000000000000000000000000000000000
00000000000000000000000000000000000000000000000000000000000
00000000000000000000000000000000000000000000000000000000000
00000000000000000000000000000000000000000000000000000000000
00000000000000000000000000000000000000000000000000000000000
00000000000000000000000000000000000000000000000000000000000
00000000000000000000000000000000000000000000000000000000000
00000000000000000000000000000000000000000000000000000000000
00000000000000000000000000000000000000000000000000000000000
00000000000000000000000000000000000000000000000000000000000
00000000000000000000000000000000000000000000000000000000000
00000000000000000222400000000000000000000000000000000000000
00000000000000000000000000000000000000000000000000000000000
00000000000000000000000000000000000000000000000000000000000
00000000000000000000000000000000000000000000000000000000000
00000000000000000000000000000000000000000000000000000000000
00000000000000000000000000000000000000000000000000000000000
00000000000000000000000000000000000000000000000000000000000
00000000000000000000000000000000000000000000000000000000000
00000000000000000000000000000000000000000000000000000000000
00000000000000000000000000000000000000000000000000000000000
00000000000000000000000000000000000000000000000000000000000
00000000000000000000000000000000000000000000000000000000000
00000000000000000000000000000000000000000000000000000000000
00000000000000000000000000000000000000000000000000000000000
00000000000000000000000000000000000000000000000000000000000
00000000000000000000000000000000000000000000000000000000000
00000000000000000000000000000000000000000000000000000000000
00000000000000000000000000000000000000000000000000000000000
00000000000000000000000000000000000000000000000000000000000
00000000000000000000000000000000000000000000000000000000000
00000000000000000000000000000000000000000000000000000000000
00000000000000000000000000000000000000000000000000000000000
00000000000000000000000000000000000000000000000000000000000
00000000000000000000000000000000000000000000000000000000000
00000000000000000000000000000000000000000000000000000000000
00000000000000000000000000000000000000000000000000000000000
00000000000000000000000000000000000000000000000000000000000
00000000000000000000000000000000000000000000000000000000000
00000000000000000000000000000000000000000000000000000000000
00000000000000000000000000000000000000000000000000000000000
00000000000000000000000000000000000000000000000000000000000
00000000000000000000000000000000000000000000000000000000000
00000000000000000000000000000000000000000000000000000000000